58
61
64
65
66
67
88
89
362
363
442
443
655
1037
1038
1118
2577
2736
2745
2761
3036
3038
3039
3045
3046
3126
3129
3203
3204
3226
3514
3798
4381
4382
4384
4397
4423
4424
4543
4544
4547
4559
4564
4565
4566
4569
4571
4572
4573
4579
4580
4581
4582
4583
4584
4585
4674
4678
4994
4995
5024
5026
5050
5051
5061
5062
5084
5107
5108
5119
5120
5147
5148
5149
5150
5152
5153
5154
5155
5156
5157
5163
5164
5165
5166
5167
5168
5169
5170
5171
5172
5173
5204
5216
5235
5236
5242
5244
5338
5339
5434
5437
5438
5439
5440
5441
5442
5443
5456
5667
5692
5693
5694
5695
5696
5711
5810
5816
5820
5825
5826
5828
5829
5830
5831
5911
6006
6007
6013
6014
6016
6018
6027
6028
6030
6031
6058
6059
6060
6061
6062
6063
6064
6066
6083
6084
6085
6086
6123
6127
6128
6237
6438
6446
6460
6461
6467
6468
6469
6489
6494
6496
6543
6546
6593
6594
6597
6610
6775
7004
7064
7065
7066
7068
7074
7162
7252
7253
7254
7255
7256
7257
7703
7704
7740
7786
7787
7822
7830
7834
7874
8040
8048
8382
8384
8387
8389
8480
8506
8507
8594
8690
8694
8749
8801
8805
8806
8810
8811
8911
8912
8913
8914
8915
8916
8917
8922
8924
8929
8986
8997
8998
9016
9083
9161
9162
9273
9274
9277
9278
9280
9357
9414
9415
9417
9434
9435
9436
9711
9946
10510
10543
10588
10589
10590
10591
10592
10593
10632
10634
10635
10638
10655
10662
10705
10802
10803
10804
10806
10891
11073
11483
11484
11745
11954
11958
12461
12462
12463
12464
12466
12477
12727
12752
12756
12757
14162
14184
14185
14503
14505
14558
14642
14664
14671
14738
14848
15174
15224
15782
15813
15823
15826
16711
16712
16738
16811
16812
16817
16850
17145
17146
17426
18208
18408
18724
18993
18995
19156
19170
19172
19201
19375
19453
19546
19548
19750
19779
19780
19781
19782
19783
19784
19796
19797
19799
19800
19801
19802
19803
19804
19805
19806
19825
19826
19827
19828
19830
19831
19832
19833
19834
19928
20114
20155
21276
21560
21561
21575
21976
21977
22049
22660
22877
22898
22904
22905
22909
22931
23961
23964
24072
24074
24144
24825
25302
25308
25317
25881
26184
26510
26553
26647
26648
26650
26651
26652
26733
27221
27222
27223
27624
27625
27645
27917
27928
27944
27945
28012
28184
28232
28287
28666
28667
28687
28706
28713
28715
28716
28717
28718
28720
28721
28724
28728
28729
28730
28734
28735
28736
28762
28763
28784
28787
28874
29106
29107
29108
29109
29136
29159
29177
29224
29242
29244
29245
29246
29247
29248
29249
29258
29259
29260
29264
29267
29269
29270
29273
29276
29277
29278
29279
29280
29281
29283
29284
29285
29290
29306
29307
29308
29316
29319
29320
29322
29323
29324
29331
29332
29334
29335
29338
29430
29431
29432
29433
29434
29435
29436
29437
29438
29439
29440
29441
29442
29443
29452
29453
29454
29455
29456
29460
29461
29530
29531
29532
29533
29534
29535
29536
29556
29626
29629
29647
29649
29883
29918
29919
29920
29937
30008
30022
30025
30101
30106
30113
30157
30158
30160
30163
30188
30202
30204
30205
30206
30221
30253
30293
30294
30299
30318
30401
30482
30586
30587
30588
30589
30590
30615
30618
30619
30657
30670
30682
30690
30706
30782
30786
30971
30972
31112
31351
31352
31354
31355
31357
31472
31473
31474
31475
31498
31499
31500
31501
31502
31503
31504
31505
31510
31511
31516
31520
31521
31547
31548
31549
31550
31551
31552
31554
31563
31567
31568
31569
31570
31577
31578
31579
31580
31581
31585
31638
31643
31654
31655
31656
31658
31931
31933
31934
31956
31957
31960
31961
32026
32030
32031
32032
32033
32034
32035
32036
32037
32118
32124
32125
32126
32218
32224
32541
32546
32602
32603
32610
32617
32619
32620
32699
32701
32702
32743
32794
32812
32813
32815
32816
32817
32818
32819
32820
32840
32841
32891
32892
32893
32902
32903
32904
32905
32911
32912
32963
32964
32967
32968
32969
32973
32974
32975
32976
32977
32982
32986
32995
33275
33276
33536
33630
33636
33662
33946
34234
34619
34620
34715
34716
34717
34718
34719
34798
34820
34821
34822
34856
34902
34903
34929
34998
35004
35015
35278
35280
35290
35291
35382
35478
35479
35579
35580
35622
35674
35676
35681
35894
35895
35896
35899
35900
35901
35902
35903
35904
35906
35907
35908
35931
35932
35933
35934
35940
35952
35953
35965
35967
35968
35969
35970
35972
35973
35974
35975
35976
36006
36058
36059
36060
36064
36065
36074
36250
36251
36252
36253
36254
36255
36256
36257
36272
36273
36274
36275
36346
36573
36579
36599
36602
36603
36605
36606
36627
36628
36629
36634
36635
36844
36846
36849
36923
37164
37249
37250
37251
37253
37254
37255
37256
37257
37258
37259
37260
37306
37309
37310
37311
37312
37328
37365
37402
37405
37423
37424
37686
37692
37693
37695
37698
38166
38179
39037
39038
39039
39324
39352
39360
39388
39389
39390
39391
39392
39400
39401
39418
39419
39420
39421
39422
39426
39443
39513
39514
39515
39516
39530
39531
39533
39536
39537
39541
39610
39611
39612
39654
39656
39658
39659
39664
39678
39679
39702
39706
39708
39709
39772
39901
39902
39903
39904
39905
39906
39907
39908
39909
39910
39911
39912
39913
39914
39994
39995
39996
39997
40009
40010
40011
40015
40016
40038
40039
40040
40090
40091
40092
40093
40108
40109
40170
40186
40188
40193
40231
40282
40321
40322
40323
40324
40325
40326
40374
40379
40382
40385
40403
40404
40645
40665
40676
40683
40706
40758
40760
40762
40764
40850
41052
41053
41054
41248
41544
41547
42009
42871
42878
42879
42896
42897
42898
43049
43273
43288
43321
43322
43323
43324
43351
43352
43353
43354
43355
43356
43357
43493
43516
43532
43557
43558
43559
43560
43561
43563
43567
43568
43646
43647
43734
43750
43979
44119
44641
44642
44697
44741
44790
44791
44794
44796
44797
44823
44886
45072
45080
45081
45083
45560
46276
46333
46334
46335
46357
46398
46399
46402
46557
46660
46684
46686
47312
47327
47354
47425
47503
47579
47580
47581
47586
47587
47589
47590
47591
47613
47630
47631
47639
47759
47760
47761
47762
47764
47766
47852
47966
48101
48148
48154
48387
48450
49037
49043
49429
49728
49729
49730
49732
50469
50646
50649
50650
50651
50776
51616
52301
52302
52303
52385
52388
52405
52406
52408
52446
52665
52718
52725
52812
52859
53768
53770
53771
53772
53773
53774
53794
53795
54315
54316
54435
55309
55400
55401
55538
55639
55730
55731
55732
55733
56504
56505
56506
56508
56718
56719
